{
 "cells": [
  {
   "cell_type": "markdown",
   "metadata": {},
   "source": [
    "## Logistic Regression One Versus Rest (Multi Class Classification)"
   ]
  },
  {
   "cell_type": "code",
   "execution_count": 1,
   "metadata": {},
   "outputs": [],
   "source": [
    "import pandas as pd\n",
    "import numpy as np\n",
    "import matplotlib.pyplot as plt\n",
    "import seaborn as sns\n",
    "%matplotlib inline"
   ]
  },
  {
   "cell_type": "code",
   "execution_count": 2,
   "metadata": {},
   "outputs": [],
   "source": [
    "from sklearn.datasets import make_classification"
   ]
  },
  {
   "cell_type": "code",
   "execution_count": 3,
   "metadata": {},
   "outputs": [],
   "source": [
    "## create the dataset\n",
    "X, y = make_classification(n_samples=1000, n_features=10, n_classes=3, n_informative=3, random_state=42)"
   ]
  },
  {
   "cell_type": "code",
   "execution_count": 4,
   "metadata": {},
   "outputs": [
    {
     "data": {
      "text/html": [
       "<div>\n",
       "<style scoped>\n",
       "    .dataframe tbody tr th:only-of-type {\n",
       "        vertical-align: middle;\n",
       "    }\n",
       "\n",
       "    .dataframe tbody tr th {\n",
       "        vertical-align: top;\n",
       "    }\n",
       "\n",
       "    .dataframe thead th {\n",
       "        text-align: right;\n",
       "    }\n",
       "</style>\n",
       "<table border=\"1\" class=\"dataframe\">\n",
       "  <thead>\n",
       "    <tr style=\"text-align: right;\">\n",
       "      <th></th>\n",
       "      <th>0</th>\n",
       "      <th>1</th>\n",
       "      <th>2</th>\n",
       "      <th>3</th>\n",
       "      <th>4</th>\n",
       "      <th>5</th>\n",
       "      <th>6</th>\n",
       "      <th>7</th>\n",
       "      <th>8</th>\n",
       "      <th>9</th>\n",
       "    </tr>\n",
       "  </thead>\n",
       "  <tbody>\n",
       "    <tr>\n",
       "      <th>0</th>\n",
       "      <td>0.771533</td>\n",
       "      <td>-1.474336</td>\n",
       "      <td>2.196646</td>\n",
       "      <td>-0.678992</td>\n",
       "      <td>0.767479</td>\n",
       "      <td>-1.226179</td>\n",
       "      <td>-0.237566</td>\n",
       "      <td>0.681743</td>\n",
       "      <td>1.089962</td>\n",
       "      <td>0.962503</td>\n",
       "    </tr>\n",
       "    <tr>\n",
       "      <th>1</th>\n",
       "      <td>1.858383</td>\n",
       "      <td>-3.680880</td>\n",
       "      <td>0.227496</td>\n",
       "      <td>-3.818368</td>\n",
       "      <td>0.635968</td>\n",
       "      <td>1.609521</td>\n",
       "      <td>-0.153135</td>\n",
       "      <td>-0.474178</td>\n",
       "      <td>1.341139</td>\n",
       "      <td>-0.771772</td>\n",
       "    </tr>\n",
       "    <tr>\n",
       "      <th>2</th>\n",
       "      <td>-0.987248</td>\n",
       "      <td>1.539168</td>\n",
       "      <td>0.585904</td>\n",
       "      <td>1.185281</td>\n",
       "      <td>-0.736770</td>\n",
       "      <td>-1.406815</td>\n",
       "      <td>0.684783</td>\n",
       "      <td>-0.322028</td>\n",
       "      <td>-1.451034</td>\n",
       "      <td>1.325432</td>\n",
       "    </tr>\n",
       "    <tr>\n",
       "      <th>3</th>\n",
       "      <td>-1.022420</td>\n",
       "      <td>1.381787</td>\n",
       "      <td>2.015275</td>\n",
       "      <td>0.861434</td>\n",
       "      <td>1.290644</td>\n",
       "      <td>-1.889649</td>\n",
       "      <td>1.009138</td>\n",
       "      <td>0.363116</td>\n",
       "      <td>-1.844238</td>\n",
       "      <td>0.311110</td>\n",
       "    </tr>\n",
       "    <tr>\n",
       "      <th>4</th>\n",
       "      <td>-0.131161</td>\n",
       "      <td>-2.079008</td>\n",
       "      <td>1.483744</td>\n",
       "      <td>1.636858</td>\n",
       "      <td>-0.734811</td>\n",
       "      <td>-0.640154</td>\n",
       "      <td>2.666422</td>\n",
       "      <td>-1.085748</td>\n",
       "      <td>-0.892851</td>\n",
       "      <td>0.029796</td>\n",
       "    </tr>\n",
       "    <tr>\n",
       "      <th>...</th>\n",
       "      <td>...</td>\n",
       "      <td>...</td>\n",
       "      <td>...</td>\n",
       "      <td>...</td>\n",
       "      <td>...</td>\n",
       "      <td>...</td>\n",
       "      <td>...</td>\n",
       "      <td>...</td>\n",
       "      <td>...</td>\n",
       "      <td>...</td>\n",
       "    </tr>\n",
       "    <tr>\n",
       "      <th>995</th>\n",
       "      <td>0.982677</td>\n",
       "      <td>-1.908917</td>\n",
       "      <td>-0.385673</td>\n",
       "      <td>-2.565989</td>\n",
       "      <td>0.434503</td>\n",
       "      <td>-1.334611</td>\n",
       "      <td>-0.060318</td>\n",
       "      <td>1.040062</td>\n",
       "      <td>0.433730</td>\n",
       "      <td>-0.739771</td>\n",
       "    </tr>\n",
       "    <tr>\n",
       "      <th>996</th>\n",
       "      <td>-1.144949</td>\n",
       "      <td>1.434090</td>\n",
       "      <td>-0.459657</td>\n",
       "      <td>0.358606</td>\n",
       "      <td>-1.079842</td>\n",
       "      <td>0.918915</td>\n",
       "      <td>1.339638</td>\n",
       "      <td>1.193113</td>\n",
       "      <td>-2.473007</td>\n",
       "      <td>1.021515</td>\n",
       "    </tr>\n",
       "    <tr>\n",
       "      <th>997</th>\n",
       "      <td>-1.227082</td>\n",
       "      <td>1.656028</td>\n",
       "      <td>0.472630</td>\n",
       "      <td>1.718125</td>\n",
       "      <td>-1.366858</td>\n",
       "      <td>0.018017</td>\n",
       "      <td>1.131626</td>\n",
       "      <td>-0.863494</td>\n",
       "      <td>-1.839323</td>\n",
       "      <td>-0.031203</td>\n",
       "    </tr>\n",
       "    <tr>\n",
       "      <th>998</th>\n",
       "      <td>1.285276</td>\n",
       "      <td>-0.297152</td>\n",
       "      <td>-0.671721</td>\n",
       "      <td>-1.843337</td>\n",
       "      <td>-1.254161</td>\n",
       "      <td>-0.276889</td>\n",
       "      <td>-2.913304</td>\n",
       "      <td>-1.315441</td>\n",
       "      <td>2.854465</td>\n",
       "      <td>1.309444</td>\n",
       "    </tr>\n",
       "    <tr>\n",
       "      <th>999</th>\n",
       "      <td>-0.754280</td>\n",
       "      <td>0.885161</td>\n",
       "      <td>-1.672894</td>\n",
       "      <td>0.652953</td>\n",
       "      <td>0.404213</td>\n",
       "      <td>-0.249072</td>\n",
       "      <td>0.904253</td>\n",
       "      <td>-2.036221</td>\n",
       "      <td>-1.439896</td>\n",
       "      <td>0.047493</td>\n",
       "    </tr>\n",
       "  </tbody>\n",
       "</table>\n",
       "<p>1000 rows × 10 columns</p>\n",
       "</div>"
      ],
      "text/plain": [
       "            0         1         2         3         4         5         6  \\\n",
       "0    0.771533 -1.474336  2.196646 -0.678992  0.767479 -1.226179 -0.237566   \n",
       "1    1.858383 -3.680880  0.227496 -3.818368  0.635968  1.609521 -0.153135   \n",
       "2   -0.987248  1.539168  0.585904  1.185281 -0.736770 -1.406815  0.684783   \n",
       "3   -1.022420  1.381787  2.015275  0.861434  1.290644 -1.889649  1.009138   \n",
       "4   -0.131161 -2.079008  1.483744  1.636858 -0.734811 -0.640154  2.666422   \n",
       "..        ...       ...       ...       ...       ...       ...       ...   \n",
       "995  0.982677 -1.908917 -0.385673 -2.565989  0.434503 -1.334611 -0.060318   \n",
       "996 -1.144949  1.434090 -0.459657  0.358606 -1.079842  0.918915  1.339638   \n",
       "997 -1.227082  1.656028  0.472630  1.718125 -1.366858  0.018017  1.131626   \n",
       "998  1.285276 -0.297152 -0.671721 -1.843337 -1.254161 -0.276889 -2.913304   \n",
       "999 -0.754280  0.885161 -1.672894  0.652953  0.404213 -0.249072  0.904253   \n",
       "\n",
       "            7         8         9  \n",
       "0    0.681743  1.089962  0.962503  \n",
       "1   -0.474178  1.341139 -0.771772  \n",
       "2   -0.322028 -1.451034  1.325432  \n",
       "3    0.363116 -1.844238  0.311110  \n",
       "4   -1.085748 -0.892851  0.029796  \n",
       "..        ...       ...       ...  \n",
       "995  1.040062  0.433730 -0.739771  \n",
       "996  1.193113 -2.473007  1.021515  \n",
       "997 -0.863494 -1.839323 -0.031203  \n",
       "998 -1.315441  2.854465  1.309444  \n",
       "999 -2.036221 -1.439896  0.047493  \n",
       "\n",
       "[1000 rows x 10 columns]"
      ]
     },
     "execution_count": 4,
     "metadata": {},
     "output_type": "execute_result"
    }
   ],
   "source": [
    "pd.DataFrame(X)"
   ]
  },
  {
   "cell_type": "code",
   "execution_count": 5,
   "metadata": {},
   "outputs": [
    {
     "data": {
      "text/html": [
       "<div>\n",
       "<style scoped>\n",
       "    .dataframe tbody tr th:only-of-type {\n",
       "        vertical-align: middle;\n",
       "    }\n",
       "\n",
       "    .dataframe tbody tr th {\n",
       "        vertical-align: top;\n",
       "    }\n",
       "\n",
       "    .dataframe thead th {\n",
       "        text-align: right;\n",
       "    }\n",
       "</style>\n",
       "<table border=\"1\" class=\"dataframe\">\n",
       "  <thead>\n",
       "    <tr style=\"text-align: right;\">\n",
       "      <th></th>\n",
       "      <th>0</th>\n",
       "    </tr>\n",
       "  </thead>\n",
       "  <tbody>\n",
       "    <tr>\n",
       "      <th>0</th>\n",
       "      <td>1</td>\n",
       "    </tr>\n",
       "    <tr>\n",
       "      <th>1</th>\n",
       "      <td>2</td>\n",
       "    </tr>\n",
       "    <tr>\n",
       "      <th>2</th>\n",
       "      <td>1</td>\n",
       "    </tr>\n",
       "    <tr>\n",
       "      <th>3</th>\n",
       "      <td>1</td>\n",
       "    </tr>\n",
       "    <tr>\n",
       "      <th>4</th>\n",
       "      <td>2</td>\n",
       "    </tr>\n",
       "    <tr>\n",
       "      <th>...</th>\n",
       "      <td>...</td>\n",
       "    </tr>\n",
       "    <tr>\n",
       "      <th>995</th>\n",
       "      <td>2</td>\n",
       "    </tr>\n",
       "    <tr>\n",
       "      <th>996</th>\n",
       "      <td>1</td>\n",
       "    </tr>\n",
       "    <tr>\n",
       "      <th>997</th>\n",
       "      <td>1</td>\n",
       "    </tr>\n",
       "    <tr>\n",
       "      <th>998</th>\n",
       "      <td>1</td>\n",
       "    </tr>\n",
       "    <tr>\n",
       "      <th>999</th>\n",
       "      <td>1</td>\n",
       "    </tr>\n",
       "  </tbody>\n",
       "</table>\n",
       "<p>1000 rows × 1 columns</p>\n",
       "</div>"
      ],
      "text/plain": [
       "     0\n",
       "0    1\n",
       "1    2\n",
       "2    1\n",
       "3    1\n",
       "4    2\n",
       "..  ..\n",
       "995  2\n",
       "996  1\n",
       "997  1\n",
       "998  1\n",
       "999  1\n",
       "\n",
       "[1000 rows x 1 columns]"
      ]
     },
     "execution_count": 5,
     "metadata": {},
     "output_type": "execute_result"
    }
   ],
   "source": [
    "pd.DataFrame(y)"
   ]
  },
  {
   "cell_type": "code",
   "execution_count": 6,
   "metadata": {},
   "outputs": [],
   "source": [
    "from sklearn.model_selection import train_test_split"
   ]
  },
  {
   "cell_type": "code",
   "execution_count": 7,
   "metadata": {},
   "outputs": [],
   "source": [
    "X_train, X_test, y_train, y_test = train_test_split(X,y, test_size=0.30, random_state=42)"
   ]
  },
  {
   "cell_type": "code",
   "execution_count": 8,
   "metadata": {},
   "outputs": [],
   "source": [
    "from sklearn.linear_model import LogisticRegression"
   ]
  },
  {
   "cell_type": "code",
   "execution_count": 9,
   "metadata": {},
   "outputs": [],
   "source": [
    "logistic_reg = LogisticRegression(multi_class='ovr')"
   ]
  },
  {
   "cell_type": "code",
   "execution_count": 10,
   "metadata": {},
   "outputs": [
    {
     "name": "stderr",
     "output_type": "stream",
     "text": [
      "/Users/dhruvsmac/Desktop/development/machine learning/.venv/lib/python3.12/site-packages/sklearn/linear_model/_logistic.py:1256: FutureWarning: 'multi_class' was deprecated in version 1.5 and will be removed in 1.7. Use OneVsRestClassifier(LogisticRegression(..)) instead. Leave it to its default value to avoid this warning.\n",
      "  warnings.warn(\n"
     ]
    },
    {
     "data": {
      "text/html": [
       "<style>#sk-container-id-1 {\n",
       "  /* Definition of color scheme common for light and dark mode */\n",
       "  --sklearn-color-text: #000;\n",
       "  --sklearn-color-text-muted: #666;\n",
       "  --sklearn-color-line: gray;\n",
       "  /* Definition of color scheme for unfitted estimators */\n",
       "  --sklearn-color-unfitted-level-0: #fff5e6;\n",
       "  --sklearn-color-unfitted-level-1: #f6e4d2;\n",
       "  --sklearn-color-unfitted-level-2: #ffe0b3;\n",
       "  --sklearn-color-unfitted-level-3: chocolate;\n",
       "  /* Definition of color scheme for fitted estimators */\n",
       "  --sklearn-color-fitted-level-0: #f0f8ff;\n",
       "  --sklearn-color-fitted-level-1: #d4ebff;\n",
       "  --sklearn-color-fitted-level-2: #b3dbfd;\n",
       "  --sklearn-color-fitted-level-3: cornflowerblue;\n",
       "\n",
       "  /* Specific color for light theme */\n",
       "  --sklearn-color-text-on-default-background: var(--sg-text-color, var(--theme-code-foreground, var(--jp-content-font-color1, black)));\n",
       "  --sklearn-color-background: var(--sg-background-color, var(--theme-background, var(--jp-layout-color0, white)));\n",
       "  --sklearn-color-border-box: var(--sg-text-color, var(--theme-code-foreground, var(--jp-content-font-color1, black)));\n",
       "  --sklearn-color-icon: #696969;\n",
       "\n",
       "  @media (prefers-color-scheme: dark) {\n",
       "    /* Redefinition of color scheme for dark theme */\n",
       "    --sklearn-color-text-on-default-background: var(--sg-text-color, var(--theme-code-foreground, var(--jp-content-font-color1, white)));\n",
       "    --sklearn-color-background: var(--sg-background-color, var(--theme-background, var(--jp-layout-color0, #111)));\n",
       "    --sklearn-color-border-box: var(--sg-text-color, var(--theme-code-foreground, var(--jp-content-font-color1, white)));\n",
       "    --sklearn-color-icon: #878787;\n",
       "  }\n",
       "}\n",
       "\n",
       "#sk-container-id-1 {\n",
       "  color: var(--sklearn-color-text);\n",
       "}\n",
       "\n",
       "#sk-container-id-1 pre {\n",
       "  padding: 0;\n",
       "}\n",
       "\n",
       "#sk-container-id-1 input.sk-hidden--visually {\n",
       "  border: 0;\n",
       "  clip: rect(1px 1px 1px 1px);\n",
       "  clip: rect(1px, 1px, 1px, 1px);\n",
       "  height: 1px;\n",
       "  margin: -1px;\n",
       "  overflow: hidden;\n",
       "  padding: 0;\n",
       "  position: absolute;\n",
       "  width: 1px;\n",
       "}\n",
       "\n",
       "#sk-container-id-1 div.sk-dashed-wrapped {\n",
       "  border: 1px dashed var(--sklearn-color-line);\n",
       "  margin: 0 0.4em 0.5em 0.4em;\n",
       "  box-sizing: border-box;\n",
       "  padding-bottom: 0.4em;\n",
       "  background-color: var(--sklearn-color-background);\n",
       "}\n",
       "\n",
       "#sk-container-id-1 div.sk-container {\n",
       "  /* jupyter's `normalize.less` sets `[hidden] { display: none; }`\n",
       "     but bootstrap.min.css set `[hidden] { display: none !important; }`\n",
       "     so we also need the `!important` here to be able to override the\n",
       "     default hidden behavior on the sphinx rendered scikit-learn.org.\n",
       "     See: https://github.com/scikit-learn/scikit-learn/issues/21755 */\n",
       "  display: inline-block !important;\n",
       "  position: relative;\n",
       "}\n",
       "\n",
       "#sk-container-id-1 div.sk-text-repr-fallback {\n",
       "  display: none;\n",
       "}\n",
       "\n",
       "div.sk-parallel-item,\n",
       "div.sk-serial,\n",
       "div.sk-item {\n",
       "  /* draw centered vertical line to link estimators */\n",
       "  background-image: linear-gradient(var(--sklearn-color-text-on-default-background), var(--sklearn-color-text-on-default-background));\n",
       "  background-size: 2px 100%;\n",
       "  background-repeat: no-repeat;\n",
       "  background-position: center center;\n",
       "}\n",
       "\n",
       "/* Parallel-specific style estimator block */\n",
       "\n",
       "#sk-container-id-1 div.sk-parallel-item::after {\n",
       "  content: \"\";\n",
       "  width: 100%;\n",
       "  border-bottom: 2px solid var(--sklearn-color-text-on-default-background);\n",
       "  flex-grow: 1;\n",
       "}\n",
       "\n",
       "#sk-container-id-1 div.sk-parallel {\n",
       "  display: flex;\n",
       "  align-items: stretch;\n",
       "  justify-content: center;\n",
       "  background-color: var(--sklearn-color-background);\n",
       "  position: relative;\n",
       "}\n",
       "\n",
       "#sk-container-id-1 div.sk-parallel-item {\n",
       "  display: flex;\n",
       "  flex-direction: column;\n",
       "}\n",
       "\n",
       "#sk-container-id-1 div.sk-parallel-item:first-child::after {\n",
       "  align-self: flex-end;\n",
       "  width: 50%;\n",
       "}\n",
       "\n",
       "#sk-container-id-1 div.sk-parallel-item:last-child::after {\n",
       "  align-self: flex-start;\n",
       "  width: 50%;\n",
       "}\n",
       "\n",
       "#sk-container-id-1 div.sk-parallel-item:only-child::after {\n",
       "  width: 0;\n",
       "}\n",
       "\n",
       "/* Serial-specific style estimator block */\n",
       "\n",
       "#sk-container-id-1 div.sk-serial {\n",
       "  display: flex;\n",
       "  flex-direction: column;\n",
       "  align-items: center;\n",
       "  background-color: var(--sklearn-color-background);\n",
       "  padding-right: 1em;\n",
       "  padding-left: 1em;\n",
       "}\n",
       "\n",
       "\n",
       "/* Toggleable style: style used for estimator/Pipeline/ColumnTransformer box that is\n",
       "clickable and can be expanded/collapsed.\n",
       "- Pipeline and ColumnTransformer use this feature and define the default style\n",
       "- Estimators will overwrite some part of the style using the `sk-estimator` class\n",
       "*/\n",
       "\n",
       "/* Pipeline and ColumnTransformer style (default) */\n",
       "\n",
       "#sk-container-id-1 div.sk-toggleable {\n",
       "  /* Default theme specific background. It is overwritten whether we have a\n",
       "  specific estimator or a Pipeline/ColumnTransformer */\n",
       "  background-color: var(--sklearn-color-background);\n",
       "}\n",
       "\n",
       "/* Toggleable label */\n",
       "#sk-container-id-1 label.sk-toggleable__label {\n",
       "  cursor: pointer;\n",
       "  display: flex;\n",
       "  width: 100%;\n",
       "  margin-bottom: 0;\n",
       "  padding: 0.5em;\n",
       "  box-sizing: border-box;\n",
       "  text-align: center;\n",
       "  align-items: start;\n",
       "  justify-content: space-between;\n",
       "  gap: 0.5em;\n",
       "}\n",
       "\n",
       "#sk-container-id-1 label.sk-toggleable__label .caption {\n",
       "  font-size: 0.6rem;\n",
       "  font-weight: lighter;\n",
       "  color: var(--sklearn-color-text-muted);\n",
       "}\n",
       "\n",
       "#sk-container-id-1 label.sk-toggleable__label-arrow:before {\n",
       "  /* Arrow on the left of the label */\n",
       "  content: \"▸\";\n",
       "  float: left;\n",
       "  margin-right: 0.25em;\n",
       "  color: var(--sklearn-color-icon);\n",
       "}\n",
       "\n",
       "#sk-container-id-1 label.sk-toggleable__label-arrow:hover:before {\n",
       "  color: var(--sklearn-color-text);\n",
       "}\n",
       "\n",
       "/* Toggleable content - dropdown */\n",
       "\n",
       "#sk-container-id-1 div.sk-toggleable__content {\n",
       "  max-height: 0;\n",
       "  max-width: 0;\n",
       "  overflow: hidden;\n",
       "  text-align: left;\n",
       "  /* unfitted */\n",
       "  background-color: var(--sklearn-color-unfitted-level-0);\n",
       "}\n",
       "\n",
       "#sk-container-id-1 div.sk-toggleable__content.fitted {\n",
       "  /* fitted */\n",
       "  background-color: var(--sklearn-color-fitted-level-0);\n",
       "}\n",
       "\n",
       "#sk-container-id-1 div.sk-toggleable__content pre {\n",
       "  margin: 0.2em;\n",
       "  border-radius: 0.25em;\n",
       "  color: var(--sklearn-color-text);\n",
       "  /* unfitted */\n",
       "  background-color: var(--sklearn-color-unfitted-level-0);\n",
       "}\n",
       "\n",
       "#sk-container-id-1 div.sk-toggleable__content.fitted pre {\n",
       "  /* unfitted */\n",
       "  background-color: var(--sklearn-color-fitted-level-0);\n",
       "}\n",
       "\n",
       "#sk-container-id-1 input.sk-toggleable__control:checked~div.sk-toggleable__content {\n",
       "  /* Expand drop-down */\n",
       "  max-height: 200px;\n",
       "  max-width: 100%;\n",
       "  overflow: auto;\n",
       "}\n",
       "\n",
       "#sk-container-id-1 input.sk-toggleable__control:checked~label.sk-toggleable__label-arrow:before {\n",
       "  content: \"▾\";\n",
       "}\n",
       "\n",
       "/* Pipeline/ColumnTransformer-specific style */\n",
       "\n",
       "#sk-container-id-1 div.sk-label input.sk-toggleable__control:checked~label.sk-toggleable__label {\n",
       "  color: var(--sklearn-color-text);\n",
       "  background-color: var(--sklearn-color-unfitted-level-2);\n",
       "}\n",
       "\n",
       "#sk-container-id-1 div.sk-label.fitted input.sk-toggleable__control:checked~label.sk-toggleable__label {\n",
       "  background-color: var(--sklearn-color-fitted-level-2);\n",
       "}\n",
       "\n",
       "/* Estimator-specific style */\n",
       "\n",
       "/* Colorize estimator box */\n",
       "#sk-container-id-1 div.sk-estimator input.sk-toggleable__control:checked~label.sk-toggleable__label {\n",
       "  /* unfitted */\n",
       "  background-color: var(--sklearn-color-unfitted-level-2);\n",
       "}\n",
       "\n",
       "#sk-container-id-1 div.sk-estimator.fitted input.sk-toggleable__control:checked~label.sk-toggleable__label {\n",
       "  /* fitted */\n",
       "  background-color: var(--sklearn-color-fitted-level-2);\n",
       "}\n",
       "\n",
       "#sk-container-id-1 div.sk-label label.sk-toggleable__label,\n",
       "#sk-container-id-1 div.sk-label label {\n",
       "  /* The background is the default theme color */\n",
       "  color: var(--sklearn-color-text-on-default-background);\n",
       "}\n",
       "\n",
       "/* On hover, darken the color of the background */\n",
       "#sk-container-id-1 div.sk-label:hover label.sk-toggleable__label {\n",
       "  color: var(--sklearn-color-text);\n",
       "  background-color: var(--sklearn-color-unfitted-level-2);\n",
       "}\n",
       "\n",
       "/* Label box, darken color on hover, fitted */\n",
       "#sk-container-id-1 div.sk-label.fitted:hover label.sk-toggleable__label.fitted {\n",
       "  color: var(--sklearn-color-text);\n",
       "  background-color: var(--sklearn-color-fitted-level-2);\n",
       "}\n",
       "\n",
       "/* Estimator label */\n",
       "\n",
       "#sk-container-id-1 div.sk-label label {\n",
       "  font-family: monospace;\n",
       "  font-weight: bold;\n",
       "  display: inline-block;\n",
       "  line-height: 1.2em;\n",
       "}\n",
       "\n",
       "#sk-container-id-1 div.sk-label-container {\n",
       "  text-align: center;\n",
       "}\n",
       "\n",
       "/* Estimator-specific */\n",
       "#sk-container-id-1 div.sk-estimator {\n",
       "  font-family: monospace;\n",
       "  border: 1px dotted var(--sklearn-color-border-box);\n",
       "  border-radius: 0.25em;\n",
       "  box-sizing: border-box;\n",
       "  margin-bottom: 0.5em;\n",
       "  /* unfitted */\n",
       "  background-color: var(--sklearn-color-unfitted-level-0);\n",
       "}\n",
       "\n",
       "#sk-container-id-1 div.sk-estimator.fitted {\n",
       "  /* fitted */\n",
       "  background-color: var(--sklearn-color-fitted-level-0);\n",
       "}\n",
       "\n",
       "/* on hover */\n",
       "#sk-container-id-1 div.sk-estimator:hover {\n",
       "  /* unfitted */\n",
       "  background-color: var(--sklearn-color-unfitted-level-2);\n",
       "}\n",
       "\n",
       "#sk-container-id-1 div.sk-estimator.fitted:hover {\n",
       "  /* fitted */\n",
       "  background-color: var(--sklearn-color-fitted-level-2);\n",
       "}\n",
       "\n",
       "/* Specification for estimator info (e.g. \"i\" and \"?\") */\n",
       "\n",
       "/* Common style for \"i\" and \"?\" */\n",
       "\n",
       ".sk-estimator-doc-link,\n",
       "a:link.sk-estimator-doc-link,\n",
       "a:visited.sk-estimator-doc-link {\n",
       "  float: right;\n",
       "  font-size: smaller;\n",
       "  line-height: 1em;\n",
       "  font-family: monospace;\n",
       "  background-color: var(--sklearn-color-background);\n",
       "  border-radius: 1em;\n",
       "  height: 1em;\n",
       "  width: 1em;\n",
       "  text-decoration: none !important;\n",
       "  margin-left: 0.5em;\n",
       "  text-align: center;\n",
       "  /* unfitted */\n",
       "  border: var(--sklearn-color-unfitted-level-1) 1pt solid;\n",
       "  color: var(--sklearn-color-unfitted-level-1);\n",
       "}\n",
       "\n",
       ".sk-estimator-doc-link.fitted,\n",
       "a:link.sk-estimator-doc-link.fitted,\n",
       "a:visited.sk-estimator-doc-link.fitted {\n",
       "  /* fitted */\n",
       "  border: var(--sklearn-color-fitted-level-1) 1pt solid;\n",
       "  color: var(--sklearn-color-fitted-level-1);\n",
       "}\n",
       "\n",
       "/* On hover */\n",
       "div.sk-estimator:hover .sk-estimator-doc-link:hover,\n",
       ".sk-estimator-doc-link:hover,\n",
       "div.sk-label-container:hover .sk-estimator-doc-link:hover,\n",
       ".sk-estimator-doc-link:hover {\n",
       "  /* unfitted */\n",
       "  background-color: var(--sklearn-color-unfitted-level-3);\n",
       "  color: var(--sklearn-color-background);\n",
       "  text-decoration: none;\n",
       "}\n",
       "\n",
       "div.sk-estimator.fitted:hover .sk-estimator-doc-link.fitted:hover,\n",
       ".sk-estimator-doc-link.fitted:hover,\n",
       "div.sk-label-container:hover .sk-estimator-doc-link.fitted:hover,\n",
       ".sk-estimator-doc-link.fitted:hover {\n",
       "  /* fitted */\n",
       "  background-color: var(--sklearn-color-fitted-level-3);\n",
       "  color: var(--sklearn-color-background);\n",
       "  text-decoration: none;\n",
       "}\n",
       "\n",
       "/* Span, style for the box shown on hovering the info icon */\n",
       ".sk-estimator-doc-link span {\n",
       "  display: none;\n",
       "  z-index: 9999;\n",
       "  position: relative;\n",
       "  font-weight: normal;\n",
       "  right: .2ex;\n",
       "  padding: .5ex;\n",
       "  margin: .5ex;\n",
       "  width: min-content;\n",
       "  min-width: 20ex;\n",
       "  max-width: 50ex;\n",
       "  color: var(--sklearn-color-text);\n",
       "  box-shadow: 2pt 2pt 4pt #999;\n",
       "  /* unfitted */\n",
       "  background: var(--sklearn-color-unfitted-level-0);\n",
       "  border: .5pt solid var(--sklearn-color-unfitted-level-3);\n",
       "}\n",
       "\n",
       ".sk-estimator-doc-link.fitted span {\n",
       "  /* fitted */\n",
       "  background: var(--sklearn-color-fitted-level-0);\n",
       "  border: var(--sklearn-color-fitted-level-3);\n",
       "}\n",
       "\n",
       ".sk-estimator-doc-link:hover span {\n",
       "  display: block;\n",
       "}\n",
       "\n",
       "/* \"?\"-specific style due to the `<a>` HTML tag */\n",
       "\n",
       "#sk-container-id-1 a.estimator_doc_link {\n",
       "  float: right;\n",
       "  font-size: 1rem;\n",
       "  line-height: 1em;\n",
       "  font-family: monospace;\n",
       "  background-color: var(--sklearn-color-background);\n",
       "  border-radius: 1rem;\n",
       "  height: 1rem;\n",
       "  width: 1rem;\n",
       "  text-decoration: none;\n",
       "  /* unfitted */\n",
       "  color: var(--sklearn-color-unfitted-level-1);\n",
       "  border: var(--sklearn-color-unfitted-level-1) 1pt solid;\n",
       "}\n",
       "\n",
       "#sk-container-id-1 a.estimator_doc_link.fitted {\n",
       "  /* fitted */\n",
       "  border: var(--sklearn-color-fitted-level-1) 1pt solid;\n",
       "  color: var(--sklearn-color-fitted-level-1);\n",
       "}\n",
       "\n",
       "/* On hover */\n",
       "#sk-container-id-1 a.estimator_doc_link:hover {\n",
       "  /* unfitted */\n",
       "  background-color: var(--sklearn-color-unfitted-level-3);\n",
       "  color: var(--sklearn-color-background);\n",
       "  text-decoration: none;\n",
       "}\n",
       "\n",
       "#sk-container-id-1 a.estimator_doc_link.fitted:hover {\n",
       "  /* fitted */\n",
       "  background-color: var(--sklearn-color-fitted-level-3);\n",
       "}\n",
       "</style><div id=\"sk-container-id-1\" class=\"sk-top-container\"><div class=\"sk-text-repr-fallback\"><pre>LogisticRegression(multi_class=&#x27;ovr&#x27;)</pre><b>In a Jupyter environment, please rerun this cell to show the HTML representation or trust the notebook. <br />On GitHub, the HTML representation is unable to render, please try loading this page with nbviewer.org.</b></div><div class=\"sk-container\" hidden><div class=\"sk-item\"><div class=\"sk-estimator fitted sk-toggleable\"><input class=\"sk-toggleable__control sk-hidden--visually\" id=\"sk-estimator-id-1\" type=\"checkbox\" checked><label for=\"sk-estimator-id-1\" class=\"sk-toggleable__label fitted sk-toggleable__label-arrow\"><div><div>LogisticRegression</div></div><div><a class=\"sk-estimator-doc-link fitted\" rel=\"noreferrer\" target=\"_blank\" href=\"https://scikit-learn.org/1.6/modules/generated/sklearn.linear_model.LogisticRegression.html\">?<span>Documentation for LogisticRegression</span></a><span class=\"sk-estimator-doc-link fitted\">i<span>Fitted</span></span></div></label><div class=\"sk-toggleable__content fitted\"><pre>LogisticRegression(multi_class=&#x27;ovr&#x27;)</pre></div> </div></div></div></div>"
      ],
      "text/plain": [
       "LogisticRegression(multi_class='ovr')"
      ]
     },
     "execution_count": 10,
     "metadata": {},
     "output_type": "execute_result"
    }
   ],
   "source": [
    "logistic_reg.fit(X_train, y_train)"
   ]
  },
  {
   "cell_type": "code",
   "execution_count": 11,
   "metadata": {},
   "outputs": [],
   "source": [
    "y_pred = logistic_reg.predict(X_test)"
   ]
  },
  {
   "cell_type": "code",
   "execution_count": 12,
   "metadata": {},
   "outputs": [
    {
     "data": {
      "text/plain": [
       "array([2, 0, 1, 2, 0, 1, 2, 0, 0, 2, 2, 2, 2, 2, 2, 2, 2, 1, 0, 0, 0, 0,\n",
       "       2, 0, 1, 0, 2, 1, 0, 2, 2, 0, 1, 0, 0, 2, 2, 2, 1, 0, 0, 1, 2, 0,\n",
       "       1, 2, 1, 0, 1, 1, 2, 0, 1, 0, 2, 2, 2, 2, 1, 2, 0, 2, 2, 2, 1, 1,\n",
       "       0, 1, 0, 1, 0, 2, 2, 0, 0, 0, 2, 1, 1, 2, 2, 0, 2, 1, 0, 1, 1, 2,\n",
       "       1, 1, 2, 2, 1, 2, 2, 2, 1, 0, 0, 0, 0, 2, 1, 0, 2, 1, 1, 0, 0, 2,\n",
       "       0, 1, 2, 0, 0, 0, 1, 1, 2, 2, 1, 0, 0, 1, 2, 0, 0, 1, 0, 2, 1, 0,\n",
       "       2, 2, 2, 0, 0, 1, 2, 1, 2, 1, 2, 1, 2, 2, 2, 0, 0, 1, 2, 0, 0, 2,\n",
       "       1, 0, 0, 0, 2, 0, 0, 0, 2, 2, 2, 2, 2, 1, 2, 1, 0, 2, 1, 0, 0, 2,\n",
       "       0, 1, 1, 2, 2, 0, 0, 2, 0, 0, 0, 2, 0, 0, 0, 0, 2, 1, 2, 2, 1, 2,\n",
       "       0, 1, 2, 2, 1, 1, 0, 2, 1, 2, 2, 2, 2, 2, 0, 0, 0, 0, 0, 0, 1, 0,\n",
       "       1, 2, 2, 2, 0, 0, 0, 0, 0, 2, 2, 0, 0, 2, 2, 1, 0, 1, 2, 0, 0, 2,\n",
       "       0, 2, 0, 0, 2, 2, 0, 2, 2, 0, 1, 2, 2, 0, 1, 1, 0, 1, 2, 0, 2, 2,\n",
       "       0, 0, 0, 2, 1, 2, 0, 2, 2, 2, 0, 2, 0, 2, 2, 0, 0, 1, 0, 2, 2, 2,\n",
       "       0, 2, 2, 0, 2, 2, 0, 2, 0, 0, 2, 2, 0, 1])"
      ]
     },
     "execution_count": 12,
     "metadata": {},
     "output_type": "execute_result"
    }
   ],
   "source": [
    "y_pred"
   ]
  },
  {
   "cell_type": "code",
   "execution_count": 13,
   "metadata": {},
   "outputs": [],
   "source": [
    "y_proba = logistic_reg.predict_proba(X_test)"
   ]
  },
  {
   "cell_type": "code",
   "execution_count": 14,
   "metadata": {},
   "outputs": [
    {
     "name": "stdout",
     "output_type": "stream",
     "text": [
      "[[9.22522618e-03 2.44034837e-01 7.46739937e-01]\n",
      " [4.89544732e-01 2.45683892e-01 2.64771376e-01]\n",
      " [3.54058728e-01 5.90982894e-01 5.49583777e-02]\n",
      " [3.61503652e-02 1.82525799e-01 7.81323836e-01]\n",
      " [4.01755652e-01 3.69771801e-01 2.28472547e-01]\n",
      " [3.83231093e-01 5.21315790e-01 9.54531172e-02]\n",
      " [2.80650254e-01 2.18835528e-01 5.00514218e-01]\n",
      " [6.86748730e-01 3.10472372e-01 2.77889720e-03]\n",
      " [5.72702266e-01 4.24212176e-01 3.08555794e-03]\n",
      " [2.69546511e-02 1.49732219e-01 8.23313130e-01]\n",
      " [7.81732426e-02 2.40515273e-01 6.81311484e-01]\n",
      " [1.25869742e-02 1.72900197e-01 8.14512828e-01]\n",
      " [4.99079983e-02 1.76510922e-01 7.73581080e-01]\n",
      " [3.95794074e-02 3.56708621e-01 6.03711972e-01]\n",
      " [2.01209577e-02 2.98735180e-01 6.81143862e-01]\n",
      " [7.35993162e-03 2.18049789e-01 7.74590279e-01]\n",
      " [2.71868855e-02 2.81421225e-01 6.91391890e-01]\n",
      " [2.36865580e-01 4.86991105e-01 2.76143315e-01]\n",
      " [5.86578157e-01 3.56583187e-01 5.68386559e-02]\n",
      " [6.45857344e-01 3.06957260e-01 4.71853953e-02]\n",
      " [6.93031625e-01 2.47770491e-01 5.91978839e-02]\n",
      " [6.56537325e-01 3.07858019e-01 3.56046564e-02]\n",
      " [5.25795605e-02 2.55742451e-01 6.91677989e-01]\n",
      " [5.58691007e-01 3.68016501e-01 7.32924919e-02]\n",
      " [1.73301021e-01 6.55417529e-01 1.71281450e-01]\n",
      " [6.24495826e-01 3.73857550e-01 1.64662400e-03]\n",
      " [2.46703340e-02 3.35619395e-01 6.39710272e-01]\n",
      " [4.52884641e-01 5.00705736e-01 4.64096232e-02]\n",
      " [6.51126775e-01 2.60876666e-01 8.79965586e-02]\n",
      " [1.18481614e-02 2.44317371e-01 7.43834468e-01]\n",
      " [1.03103002e-01 3.68598057e-01 5.28298940e-01]\n",
      " [6.66311276e-01 3.33640475e-01 4.82496221e-05]\n",
      " [2.06316164e-01 4.93697902e-01 2.99985934e-01]\n",
      " [4.75097497e-01 4.50138487e-01 7.47640159e-02]\n",
      " [4.96127750e-01 2.67124955e-01 2.36747295e-01]\n",
      " [7.63631248e-02 3.46183133e-01 5.77453742e-01]\n",
      " [3.17842171e-02 3.61820272e-01 6.06395511e-01]\n",
      " [2.57675205e-02 2.62363817e-01 7.11868663e-01]\n",
      " [8.69600050e-02 5.63567444e-01 3.49472551e-01]\n",
      " [5.90252962e-01 4.08012530e-01 1.73450780e-03]\n",
      " [4.86568168e-01 4.76386724e-01 3.70451081e-02]\n",
      " [4.72522544e-01 4.91670163e-01 3.58072934e-02]\n",
      " [3.42070485e-02 2.61515335e-01 7.04277616e-01]\n",
      " [5.63299279e-01 4.36303761e-01 3.96960561e-04]\n",
      " [3.23312242e-01 4.13609042e-01 2.63078717e-01]\n",
      " [5.65121491e-02 2.47353649e-01 6.96134202e-01]\n",
      " [3.81727142e-01 4.23572830e-01 1.94700028e-01]\n",
      " [7.03916829e-01 2.43747277e-01 5.23358938e-02]\n",
      " [2.60442469e-01 6.47495466e-01 9.20620651e-02]\n",
      " [2.96537187e-01 6.20576816e-01 8.28859963e-02]\n",
      " [2.78662812e-02 2.73758448e-01 6.98375271e-01]\n",
      " [5.65551684e-01 2.98456769e-01 1.35991547e-01]\n",
      " [3.08209519e-01 4.10657013e-01 2.81133468e-01]\n",
      " [5.06131053e-01 4.90568919e-01 3.30002702e-03]\n",
      " [2.85348012e-02 3.21875723e-01 6.49589476e-01]\n",
      " [1.13969657e-01 3.43114805e-01 5.42915538e-01]\n",
      " [4.66313952e-02 3.00727792e-01 6.52640813e-01]\n",
      " [1.33489446e-01 3.21079015e-01 5.45431539e-01]\n",
      " [4.25198805e-01 5.53207705e-01 2.15934900e-02]\n",
      " [1.17877834e-02 1.49517591e-01 8.38694625e-01]\n",
      " [6.91810519e-01 2.87149971e-01 2.10395095e-02]\n",
      " [4.96474217e-02 4.63681653e-01 4.86670925e-01]\n",
      " [7.06506780e-02 1.94449234e-01 7.34900088e-01]\n",
      " [1.08422765e-02 1.66615907e-01 8.22541816e-01]\n",
      " [1.55088682e-01 7.50449695e-01 9.44616229e-02]\n",
      " [2.44748852e-01 4.10472079e-01 3.44779069e-01]\n",
      " [4.52894127e-01 3.22951581e-01 2.24154292e-01]\n",
      " [8.38299012e-02 5.20183812e-01 3.95986287e-01]\n",
      " [5.93752750e-01 3.40523369e-01 6.57238819e-02]\n",
      " [1.13290780e-01 5.41758799e-01 3.44950420e-01]\n",
      " [7.36620675e-01 2.42332279e-01 2.10470458e-02]\n",
      " [3.22022110e-02 2.49011319e-01 7.18786470e-01]\n",
      " [9.26302173e-02 1.43763565e-01 7.63606217e-01]\n",
      " [4.81761242e-01 3.08173553e-01 2.10065205e-01]\n",
      " [5.33675220e-01 4.43383099e-01 2.29416811e-02]\n",
      " [6.51876668e-01 2.93743777e-01 5.43795542e-02]\n",
      " [2.98134557e-02 2.80400582e-01 6.89785962e-01]\n",
      " [1.94336810e-01 4.87883898e-01 3.17779292e-01]\n",
      " [2.52985377e-01 7.26166425e-01 2.08481987e-02]\n",
      " [1.65582611e-01 3.52052293e-01 4.82365096e-01]\n",
      " [1.00321275e-01 1.42153978e-01 7.57524746e-01]\n",
      " [6.14060926e-01 3.85502661e-01 4.36413199e-04]\n",
      " [1.02368798e-01 3.52234927e-01 5.45396275e-01]\n",
      " [7.70874085e-02 4.81155595e-01 4.41756996e-01]\n",
      " [6.49328978e-01 3.43706670e-01 6.96435190e-03]\n",
      " [9.03218153e-02 5.96488201e-01 3.13189984e-01]\n",
      " [4.53436511e-01 5.44044758e-01 2.51873135e-03]\n",
      " [2.88128491e-01 3.32650421e-01 3.79221088e-01]\n",
      " [2.54606410e-01 5.38831857e-01 2.06561734e-01]\n",
      " [1.51208470e-01 5.08534759e-01 3.40256771e-01]\n",
      " [6.88202837e-03 1.83523600e-01 8.09594371e-01]\n",
      " [3.18894486e-02 1.72925114e-01 7.95185437e-01]\n",
      " [4.61605870e-01 4.95381294e-01 4.30128362e-02]\n",
      " [3.24018990e-02 1.46488498e-01 8.21109603e-01]\n",
      " [9.61258327e-03 2.07879356e-01 7.82508061e-01]\n",
      " [1.84563481e-02 2.95296061e-01 6.86247591e-01]\n",
      " [1.90273231e-01 7.09963176e-01 9.97635935e-02]\n",
      " [4.95750505e-01 4.89562644e-01 1.46868511e-02]\n",
      " [7.57987599e-01 2.24094453e-01 1.79179487e-02]\n",
      " [5.75933444e-01 4.23265096e-01 8.01460075e-04]\n",
      " [6.07725766e-01 2.14549841e-01 1.77724392e-01]\n",
      " [1.26490520e-02 2.24344564e-01 7.63006384e-01]\n",
      " [4.18323003e-01 4.32397721e-01 1.49279276e-01]\n",
      " [6.20890360e-01 2.49348573e-01 1.29761066e-01]\n",
      " [2.30708241e-01 2.54241649e-01 5.15050110e-01]\n",
      " [3.88136631e-01 3.94527550e-01 2.17335820e-01]\n",
      " [1.44711188e-01 5.53851291e-01 3.01437521e-01]\n",
      " [6.53709053e-01 2.98043921e-01 4.82470260e-02]\n",
      " [4.84853068e-01 2.83564057e-01 2.31582875e-01]\n",
      " [7.12412083e-03 1.88266290e-01 8.04609589e-01]\n",
      " [5.57854907e-01 4.38520554e-01 3.62453833e-03]\n",
      " [3.30616116e-01 3.46981847e-01 3.22402036e-01]\n",
      " [3.17831252e-01 3.05830301e-01 3.76338446e-01]\n",
      " [7.38232418e-01 2.36924510e-01 2.48430715e-02]\n",
      " [4.61596779e-01 2.80566240e-01 2.57836981e-01]\n",
      " [6.05938852e-01 3.59210528e-01 3.48506202e-02]\n",
      " [4.39571568e-01 5.25487002e-01 3.49414302e-02]\n",
      " [2.22482951e-01 4.85758128e-01 2.91758921e-01]\n",
      " [6.72968981e-03 2.61755021e-01 7.31515289e-01]\n",
      " [4.53368307e-02 1.94558334e-01 7.60104835e-01]\n",
      " [1.77519824e-01 4.64767629e-01 3.57712546e-01]\n",
      " [5.10694895e-01 4.51849361e-01 3.74557441e-02]\n",
      " [6.91964545e-01 2.78389669e-01 2.96457856e-02]\n",
